0000111000000000
0000010000000000
0000000000000000
0000000000000000
0000011000000000
0000000000000000
0000011000000000
1111111111111111
0000100000000000
0000110100000000
0000000000000000
1111111111111111
0000011000000000
0000000000000000
0000100000000000
1111111111111111
0000100000000000
0000110000000000
0000000000000000
1111111111111111
0000011100000000
0000000100000000
0000110100000000
1111111111111111
0000011100000000
0000001000000000
0000110000000000
1111111111111111
0000000100000000
0000000000000000
0000000100000000
0000001000000000
0000100000000000
0000101100000000
0000000000000000
1111111111111111
0000011100000000
0000000000000000
0000101100000000
1111111111111111
0000100000000000
0000111000000000
0000000000000000
1111111111111111
